v2.0 raw
0 1 2 3 4 5 6 7
8 9 a b c d e f
10 11 12 13 14 15 16 17
18 19 1a 1b 1c 1d 1e 1f
0 1 2 3 4 5 6 7
8 9 a b 14 15 16 17
10 11 12 13 14 15 16 17
18 19 1a 1b 1c 1d 1e 1f
0 1 2 3 8 9 a b
10 11 12 13 18 19 1a 1b
4 5 6 7 14 15 16 17
1c 1d 1e 1f 20 21 22 23
0 1 2 3 8 9 a b
10 11 12 13 18 19 1a 1b
4 5 6 7 14 15 16 17
1c 1d 1e 1f 24 25 26 27
4 5 6 7 14 15 16 17
1c 1d 1e 1f 0 1 2 3
8 9 a b 10 11 12 13
18 19 1a 1b 20 21 22 23
0 1 2 3 8 9 a b
10 11 12 13 18 19 1a 1b
4 5 6 7 14 15 16 17
1c 1d 1e 1f 24 25 26 27
4 5 6 7 14 15 16 17
1c 1d 1e 1f 0 1 2 3
8 9 a b 10 11 12 13
18 19 1a 1b 20 21 22 23
0 1 2 3 8 9 a b
10 11 12 13 18 19 1a 1b
4 5 6 7 14 15 16 17
1c 1d 1e 1f 24 25 26 27
